18241545748475556401959315887576643118354545409336754024476986978300873657341425667851828229604114257110508954247639162748158234535987049573114283006556028314484646949294564568766654806968905002614118357717120249477467878222113998976872071173764798428543438359594633969878292132669728828679160847996736593393
83646228698796374727541315586865648310317073338435669442094785357813448843977406085059795850082766732404744616912930302563731290723297646162457516945266275452058026082649805217408515108550339011609090295153654062175119437354139584960273200519647594577606386850382034385893164773873689281772059245099576076753
96458717624821776330191895219491269241690474885712747088152840433084285276456445134212655899556705086722437432901288192905484555990225198164081660432257483514680593385766504733987084076871211154795226623458905146907553154854517912975314741111027698266066194164465480964625492778257936289900457037233935138145
11504291175243923895606088607664931963148922385540055509837182930168529341234320767840724380934518469244452448496396503394617743941913025506307831328184112071764386908074168196440904038071510109013436340905158760444338345636570416386760360327613533183130733383794134595668190128343500841865998055362417129473
104519524665679342420571002478106564867544647106243182745443663389676699239265990090145359140583414701479665195087850762298437121756546026321883317532294559829670152466912126476896861040561687719668104543287044529618276894820954511510612441527461877603719478065912640460068712888975006687061270743089887480065
45776482031982285396379533291221872655764446411823710539913625107603335784658605813568906606030798182411763806949813776329576046145223784188355004803576568519428160255081443236427312437635553938839128088133887571173531937423740348645390745588279628775500780505212467306183491205330071372761814676974051373065
80294260110097767302017287874545624797095729756799391567708133661935564503832005531767850718399174214956641429589387034650947073725785010681107235464703109053325381706194207406238592181387973389275599998246632493911715734626617403351201393687027535151608216932277479879053872026582418436769682012552009170017
50187038996659963570732751816418410625655204960434095753806669950712651192402485182438676028914487825542952675462366874648206070895510115533186225083948404041014858948989939313745826923031329976435712116894142351270407419493690027598313429256960963961002102193681612861489446202399130920838958793335946416273
75707329500434150101607704853497301910824857266465358324679960812125851683403468559030262295736579581558444508394970139323408315588193112760099036992084177049673381959770265788028116162764116795287045615096982008584709316527912452696709143675056480769007147135595493489125691302192961493104314833769371230497
34013522488846881721240700694032050326267154496406596125694224342590882769876407209732989707851086073378203625592936713656592973345773259955326613706718618424454559246287019205917270998045650717992284433284995966960472213392639777559958372432969097165795646427211840692101742104560381154633518731181731208853
50558157978647740903197682817581683339952450689717596293000025323179846365685545498725512137808243375025489965394387440002453848335056414448240442224765375631988486732734819597820966608265087096889254646024907777979716559120693661121574533642573522819565554746256736870408624886512738583131529641518849405601
37295564878104458977270486540992783243007068760224291050955988270105231677279323015769956901650633371228667426091090709371032506274953238579171977303754361163831961838599816165936672575890046157772863915179828390758465107664515089494180535154699716141583894357208947408357644523809338191778720151058161518209
53247541249768803978756701302425335899129924178365871607617461349516209781574791910566746927414306967361114733393218660675687898586437162265837096899311619764497881112321798143309876475150881653383612753021408468694670505554763824278520707701885507992667633699985467263308760787356311409338636424429413131753
107653661039937114995143729551620285191561512110870339533178264737385239747456984996761781267060053473621476097239671485701631307595703318946289971303560300959959848190240640662328736349481510009804673605356768004772739098457489962858503971576798991009201158336345956300062945525958431895848171644549356531969
50079622246463989175492507794960760267529064278486138762913715416794530587912255558781332557000066260064347047178855744818779235291501968298444005224037147471306263678813960521274637951946007081989371586564746560438188459063568998760825492146349718944827681074211304040921514186656805705342970016751457032193
98796153738020762869583634287004766532028658350150062239172665939039206246793043797754526956656259822580086017713410078583907234268468468938009007433417123478580628394374124620277814562170484861874774870641339579953408701637748865285666743176799374409725911141683419896988221260214538936888250805908522880913
41048028787390225592232152046427800147108489107562027368459446208161046829555634577187392115988558260052233115186892701768451432838708435614430879372017527338533189754516254309173257928149754059526289171459083213303315040664891180957781526575213977200109540016869677534352084955006539539700098145842669622977
18516008046022352557018262032742610616682705383516508830767212839571847907534596752906518568081152127900127806463848986762173540980643152869225266895249463291523302056058669667562341819437283424586080526762848379540615967541567382273975089742975574333849787822843763726560632385787328300489497907520000741953
